8 4 2 1 3 6 5 7 12 10 9 11 14 13 15 
1 2 3 4 5 6 7 8 9 10 11 12 13 14 15 
1 3 2 5 7 6 4 9 11 10 13 15 14 12 8 
8 4 2 1 3 6 5 7 13 10 9 11 14 15 
1 2 3 4 5 6 7 8 9 10 11 13 14 15 
1 3 2 5 7 6 4 9 11 10 15 14 13 8 
8 4 2 1 3 6 5 7 13 10 9 11 14 
1 2 3 4 5 6 7 8 9 10 11 13 14 
1 3 2 5 7 6 4 9 11 10 14 13 8 
8 4 2 3 6 5 7 13 10 9 11 14 
2 3 4 5 6 7 8 9 10 11 13 14 
3 2 5 7 6 4 9 11 10 14 13 8 
8 4 2 3 6 5 13 10 9 11 14 
2 3 4 5 6 8 9 10 11 13 14 
3 2 5 6 4 9 11 10 14 13 8 
9 4 2 3 6 5 13 10 11 14 
2 3 4 5 6 9 10 11 13 14 
3 2 5 6 4 11 10 14 13 9 
9 4 2 3 5 13 10 11 14 
2 3 4 5 9 10 11 13 14 
3 2 5 4 11 10 14 13 9 
9 4 3 5 13 10 11 14 
3 4 5 9 10 11 13 14 
3 5 4 11 10 14 13 9 
10 4 3 5 13 11 14 
3 4 5 10 11 13 14 
3 5 4 11 14 13 10 
